INDEX RERUM. 211

11111, ῙΠ. 100. 111111, 1111111“ 111111111111, 1, 131. 1111 111111
1111111,111. 101. 111111 111 111. 111111, 11, 1116.

11111 confugere 11111, 11, 10.,8111111,11,11. lv. 1110. 111111-
quomoda 1111111111 111111ῆοί1111 111 inundatione 11111111 111, V,
1111111111111,11, 150. 1111111111 158. 1111, V. 100. 11 Siciliae
111111111111,11111111111111, 111111 1111111111 11111111 nnn
111, 110. 1111111111 (1111111111, merguntur, V, 113.

111, 109. 11111Ιί11111 1111 111111- 311111111111111111111111111111.
1111111111,11,111. 1 q. 111. 11111111, 101. 111.

gu 11111111 1111111111, 156. Siculum 1111111, V. 61. pelagus
1111111111111111, 111, 101. sq. 111111111111111,111,11.
11111111 1111111111 quotidie 8111111111111,1’, 101. 1111111-
11111111, Ι, 101111 non μωρίη. tuo moventur. 1, 11. 11111111 11
1111111111111,1111111111111111, 11 opere. 111 11 111111, V. ³4.
1. 1111 111111 111111111111111 11111111, V, 5.⁸q. 1111111111-
vivendum, 111, 101. 111111 111 11111111 fulgori· 1111111, V. 11.
11111111111111,111,110.1111111. 1111111111 11111111 cur 1111111,
1111 1111111 11111111, 111, 150. 171101111111111111111111111.
111 11111111 1111111 1111111111- 1111111111111111,1’,11.

111, 11111111111111111111111111 sinan 11111 superflum(¹ 153.
1111111111 111, 11, 25. 8111111111111, 01. 11 ludi, 111,
severitas 111 111 1111111111 111· 11111.

11111111, 11, 11, Silentium 11111111111111111111·
81111111 cornelius Aetnam 111- 1111111, 111. 111.
1111111101111. 811111111111111 111 1111111, 1. 11
Smin· 01111Ιί111 111 11111111- siligineus 11111, Ν, 108. 211.
111111111111111117, 162. 11111- samin 111111 domorum 1111-
1111, 111111 111111 non pom, 1111111,111,224. 111.Ι 1111111111
1111111111 1111111111111”’ 1111ἓῖ111111·1111111111111
sextius 11111 111111 11111111 D. 1111, 1, 111.

111111 1111111 11111111, lv, 122. 81111111, 10.

vide 11. Sextiusv ‚ 81 1111111111 11111111 exprimere.
8111111 (11111111111111, 1111111111 11, 11.
1111111111 philosophati· 111111 8111111111 1111, lv, 10.

111 11111111 utque 1111111111, 8111111111111.

111, 141. consuetudo 111111111- simum 1111111111, 11, 10.

111 1111111111111,1,11.111111111,1,11. 8111111111 1111111111 1111111111,
8111111111 11111111 1111111111 1ο- 1. ²15.

111111 11111 1111111111111111- 81111111111111, 11, 111.
1111111111. 110. 811111111111111111111 111111.
81111111111111111111111 0. 1111111111 1111111111 111111

0111111 1111111 11111 111111, 1, 111111, 111, 110. 1111111111, 11.

‚¹:2⁰¹ ’ΝΜ ”¹⁰¹¹ etsta· 111111111111111111 men

 

,1.
w · .
τι ,1,,, =

