fflnssx 111111. ’ 111 “

1111 11111111 exitu 11111111 01111111111111.11, 100.
debeam· 1111111111, Ι, 211. (1111111 1111 111111, 111, 101.
1111111, 1, 125. enuntia, 111, 221. 11, 1921,
Borysthenen. 1, 101. 111.11,11.11.1,100.11111. -
1111111111, igno· 1111111111, 1, tionum 1111111111, 00. 111111·
21. 11111111111111111.11111111-
1111111111111, 112. 11, l. 201.
1111111111111111111,11,’ 192111 osopio. 11, 11. 20.
ul, 01 011111 quo 1111111111111111,
11111111111111 11111111,11,05. 11, 251. 01111111 1111111111
11ιαί1111111, 111, 22. mortem 11111111 1111111,111,221.
1111111111, 1, 221. 0111111111111111 11111111111111- A
1111111111,1,110.111.1,220, 11111 1111111111,11, 115.
111111111,1,221. · 0111111 Deo 111111 1111111,
Β11111,1, 100. l, 211. 0111111 quidam pro.
1111111 111111, 1, 190. 1111 111111111111111111111111
11111111111111111111111. 151. 1111111111 it, 11, 110. 01111111
1111111111111111111111111111, 111111, 1, 110.
1, 100. 01111111111111, 121.
Bruti turpi· 11111, 11,1. vide 01111111111111111,1201113111.
M. 1111111. 1111111111111111111111011111
111111, 1,152. 111. 111. 1011111. Iulus, l, 211.
Burrus, ll. 20. 01111011111111111 1111111111-
111111 (111Ιί11, 11, 210. 1ἱί 1111111 nortem [1111111111-
11111,11,225. Ιὶῑ. [1 111. ’
01111 011111 Caligula 1 0111-
C· 1111 vapulans, V. 220. centies
61111111111111111 11 11Ιὶ1111- 111111111 mnam, 101, eon.
11 11111, 1, 111. tumen-rum 1111111111111 cupi-
6111111111 1111111111, 111201. 1111111111, serendarum imp·-
(1111111111 dietum. 11, 102. 11111, 1, 210. 1, 220. generum
01111111 111 1111111111, 1161. oceidit. 1, 222. exitium oppro-
11. (111111111111111111111111- briumqne 1111111 11111111, 1.
11111111, 1, 01, 115. 111111 11111, 1, 21. 11111-
caelestia 111111111111,1, 115. 111111 11111111, 11, 120. iuuit
11111111,111,1021111111111- Lepidum 11111111 1111. 11111.
1111111111111111111111,11. 111111111111 ipa 01111111
12. 11111111111111111111111 nou 1111111111, ΙΙΙ, 1. 11111111
111,1,1112.1111111111111110, total. 11111. 11111 1111111111
111, 229. 1111111111111111111- 1 eret, 1, 10. Putarem 11
11111111 1111111111, 11, 211. 1111111 1111111 1111111111, 111
0111111111111, Ι, 00. · mium 11111111111111111,1,11.
0111111 111111 viuum, 1121. 1111111111111111111111

1111111111111110 tvm, V. 111. gratias 1111111111111111 &m
mlh Vem‘ 1111111111 11111111, sm·

 

