INDEX RERUM.

8111111 1111111 11111 111111, 11, 121. 11111111111111 11111,
1111. 111111 11 1111111111 tuot! 111. 111, 21. 1111. ’

1111111111, 11 uterque 11111 S 1111111,1,151.8111111
111111111111,11,81.1111111111 111111,11,11. ’
111111,11.111.11111111111111, 81111, ΙΙ, 19, 111, 11. 81
11111111 11111 1111111111, 1111 11111111 11111 1111,1, 11. op
11111111 eget, 111, 19. 111111 111111111111111111,111,111.
1111111111,“11,111. 11. 111111 11111111111,1’, 113. 111 81
inuniunt, 1111 1111111 111111 111111111111111111, 182
1111111111111111,11,111. ι11 81111 111111 populi 111
8111111 11111111 1111111111, V. 1111111 sunt, 1, 1ο. ’ὁ
11. 811111,111, 81. 81111111 111111
5111111111111111111111111111- 111111, 1111. 81111111 11111Ι
111111, 11, 1211. ministrorum 11 11111111 1111111 11 1111111,
111111 1111111111 1111111111· 1111.5111111ι11111,11,11.
1111,11111111111111111111111 Τ
⁸2⁰¹· ⁰
Superstitio 11111, 1v, 2111. 11- ’11111111 11111111, Ι, 11. ΙΙ, 111
pontitiani· argumentum. 111· 11111111 11111111 111111, 11, 511.
11111111 quorumdum 111111. ’1111111111 duodecim 111111.
1111111,Ν,111. V, 110. 1111111 ΧΙΙ. 1111111,Ι
surrentinus· 1111111, V. 1³1. 1111111111 1111111111,11’,186.
8111111111, 111, 111. Τ11111111111111, 1111.
1111111111111111111,1,111 Tanto 1111111, 11111 11111111,
- 111 1111111111 11 0111111111 111- 1111111111 11111111, 1, 213. 11111
’ 111, 1. 11. 1111111111111 1111. 111111111111, 111, 111. 111, 1112.
111 1111111111 11111111, 11, Τ111111111,1.1113. 111, 111.
· . 1111111 1111111111111111111, Tarpeio 11111111111111111111111-
11111111, 11,11. 11111111111. 1111 1111111111. 11.
111111111111111111, 111, Τ111111111, ΙΙ, 121. 111, 111,
11 1111111111 111 tyrannus, 112.
μ, 81111111111111111111111111 Τ1111111111111111 111111, 111,
1111111111111111111111111 221.
, 11111, 11, 11. tq. 11111111. ’1111111 111111 1111111111 1111-
fl 11111. 11, 11. 1111111- 11111111. 11111 1111111 pu·
121. 81111111111111111- gnum 111 confector 11111111,
1 11111 negavit 1111111111, 1, 1, 118.
¹ ,111,1. 1.. 81111. Τ111111111111111111111111111111
1 1111111111111 exem· 111111111111111111,1.611.
’,111111 1 1111111.1111111 11111 Τ11111111111111111111,
’ 1111111 11111111, 1, 11. V. 12.
1111111 1111111111, 1, Τ1111111111111111111111111111

11111111, 111, 111111.
Ill 121. Π, 221. Τ1111111111111 (11111 111, Νι

' ⁶² claust-um, 111, 11³. 8111111 111 mmmm*

 

